L
-0.858 0.834
0 0
0
1 1
1 0 0 1
1
1
186
-0.948 0.708 0.708 1 -0.948 0.716 0.716 1 -0.952 0.716 0.716 1 -0.952 0.72 0.72 1 -0.952 0.724 0.724 1 -0.952 0.728 0.728 1 -0.956 0.732 0.732 1 -0.956 0.736 0.736 1 -0.956 0.74 0.74 1 -0.956 0.744 0.744 1 -0.956 0.748 0.748 1 -0.956 0.752 0.752 1 -0.956 0.756 0.756 1 -0.956 0.76 0.76 1 -0.956 0.764 0.764 1 -0.956 0.768 0.768 1 -0.956 0.772 0.772 1 -0.952 0.776 0.776 1 -0.952 0.78 0.78 1 -0.952 0.784 0.784 1 -0.952 0.788 0.788 1 -0.952 0.792 0.792 1 -0.952 0.796 0.796 1 -0.952 0.8 0.8 1 -0.948 0.804 0.804 1 -0.948 0.808 0.808 1 -0.948 0.812 0.812 1 -0.948 0.816 0.816 1 -0.948 0.82 0.82 1 -0.948 0.824 0.824 1 -0.948 0.828 0.828 1 -0.944 0.828 0.828 1 -0.944 0.832 0.832 1 -0.944 0.836 0.836 1 -0.944 0.84 0.84 1 -0.944 0.844 0.844 1 -0.944 0.848 0.848 1 -0.944 0.852 0.852 1 -0.944 0.856 0.856 1 -0.944 0.86 0.86 1 -0.944 0.864 0.864 1 -0.944 0.868 0.868 1 -0.944 0.872 0.872 1 -0.944 0.876 0.876 1 -0.944 0.88 0.88 1 -0.944 0.884 0.884 1 -0.944 0.888 0.888 1 -0.944 0.892 0.892 1 -0.944 0.896 0.896 1 -0.94 0.896 0.896 1 -0.94 0.9 0.9 1 -0.94 0.904 0.904 1 -0.936 0.908 0.908 1 -0.936 0.912 0.912 1 -0.936 0.916 0.916 1 -0.936 0.92 0.92 1 -0.936 0.924 0.924 1 -0.932 0.924 0.924 1 -0.928 0.924 0.924 1 -0.928 0.928 0.928 1 -0.928 0.932 0.932 1 -0.928 0.936 0.936 1 -0.924 0.936 0.936 1 -0.924 0.94 0.94 1 -0.92 0.944 0.944 1 -0.916 0.948 0.948 1 -0.916 0.952 0.952 1 -0.912 0.956 0.956 1 -0.908 0.956 0.956 1 -0.908 0.96 0.96 1 -0.904 0.96 0.96 1 -0.904 0.964 0.964 1 -0.9 0.964 0.964 1 -0.9 0.968 0.968 1 -0.896 0.968 0.968 1 -0.892 0.968 0.968 1 -0.888 0.968 0.968 1 -0.884 0.968 0.968 1 -0.88 0.968 0.968 1 -0.876 0.968 0.968 1 -0.872 0.972 0.972 1 -0.868 0.972 0.972 1 -0.864 0.972 0.972 1 -0.86 0.972 0.972 1 -0.856 0.972 0.972 1 -0.852 0.972 0.972 1 -0.848 0.968 0.968 1 -0.84 0.968 0.968 1 -0.84 0.964 0.964 1 -0.836 0.964 0.964 1 -0.832 0.964 0.964 1 -0.832 0.96 0.96 1 -0.828 0.96 0.96 1 -0.828 0.956 0.956 1 -0.824 0.956 0.956 1 -0.82 0.952 0.952 1 -0.816 0.952 0.952 1 -0.812 0.948 0.948 1 -0.812 0.944 0.944 1 -0.808 0.944 0.944 1 -0.804 0.94 0.94 1 -0.8 0.94 0.94 1 -0.8 0.936 0.936 1 -0.796 0.932 0.932 1 -0.792 0.928 0.928 1 -0.792 0.924 0.924 1 -0.788 0.92 0.92 1 -0.784 0.916 0.916 1 -0.784 0.912 0.912 1 -0.78 0.908 0.908 1 -0.776 0.904 0.904 1 -0.776 0.9 0.9 1 -0.776 0.896 0.896 1 -0.772 0.892 0.892 1 -0.772 0.888 0.888 1 -0.768 0.884 0.884 1 -0.768 0.88 0.88 1 -0.764 0.876 0.876 1 -0.764 0.872 0.872 1 -0.764 0.868 0.868 1 -0.764 0.864 0.864 1 -0.76 0.86 0.86 1 -0.76 0.856 0.856 1 -0.76 0.848 0.848 1 -0.76 0.844 0.844 1 -0.76 0.84 0.84 1 -0.76 0.836 0.836 1 -0.76 0.832 0.832 1 -0.76 0.828 0.828 1 -0.76 0.824 0.824 1 -0.76 0.82 0.82 1 -0.76 0.816 0.816 1 -0.764 0.812 0.812 1 -0.764 0.808 0.808 1 -0.764 0.804 0.804 1 -0.768 0.8 0.8 1 -0.768 0.796 0.796 1 -0.768 0.792 0.792 1 -0.772 0.792 0.792 1 -0.772 0.788 0.788 1 -0.772 0.784 0.784 1 -0.78 0.776 0.776 1 -0.78 0.768 0.768 1 -0.788 0.764 0.764 1 -0.788 0.76 0.76 1 -0.788 0.756 0.756 1 -0.792 0.752 0.752 1 -0.796 0.752 0.752 1 -0.8 0.748 0.748 1 -0.8 0.744 0.744 1 -0.804 0.74 0.74 1 -0.808 0.736 0.736 1 -0.812 0.736 0.736 1 -0.812 0.732 0.732 1 -0.816 0.732 0.732 1 -0.82 0.728 0.728 1 -0.824 0.728 0.728 1 -0.824 0.724 0.724 1 -0.832 0.724 0.724 1 -0.832 0.72 0.72 1 -0.836 0.72 0.72 1 -0.836 0.716 0.716 1 -0.844 0.712 0.712 1 -0.848 0.708 0.708 1 -0.852 0.708 0.708 1 -0.856 0.708 0.708 1 -0.856 0.704 0.704 1 -0.86 0.704 0.704 1 -0.864 0.704 0.704 1 -0.868 0.7 0.7 1 -0.872 0.7 0.7 1 -0.876 0.7 0.7 1 -0.88 0.7 0.7 1 -0.884 0.7 0.7 1 -0.888 0.7 0.7 1 -0.888 0.696 0.696 1 -0.896 0.696 0.696 1 -0.904 0.696 0.696 1 -0.912 0.696 0.696 1 -0.92 0.696 0.696 1 -0.928 0.696 0.696 1 -0.932 0.696 0.696 1 -0.932 0.7 0.7 1 -0.94 0.7 0.7 1 -0.948 0.7 0.7 1 -0.948 0.704 0.704 1 
L
-0.67 0.768
0 0
0
1 1
1 1 1 1
1
1
84
-0.688 0.772 0.772 1 -0.684 0.772 0.772 1 -0.684 0.768 0.768 1 -0.68 0.768 0.768 1 -0.676 0.768 0.768 1 -0.672 0.764 0.764 1 -0.664 0.764 0.764 1 -0.664 0.76 0.76 1 -0.656 0.76 0.76 1 -0.652 0.76 0.76 1 -0.648 0.76 0.76 1 -0.644 0.76 0.76 1 -0.64 0.764 0.764 1 -0.636 0.768 0.768 1 -0.636 0.772 0.772 1 -0.632 0.772 0.772 1 -0.628 0.776 0.776 1 -0.628 0.78 0.78 1 -0.628 0.784 0.784 1 -0.628 0.788 0.788 1 -0.628 0.792 0.792 1 -0.628 0.8 0.8 1 -0.624 0.8 0.8 1 -0.624 0.804 0.804 1 -0.624 0.808 0.808 1 -0.624 0.812 0.812 1 -0.628 0.812 0.812 1 -0.628 0.816 0.816 1 -0.628 0.82 0.82 1 -0.636 0.824 0.824 1 -0.64 0.824 0.824 1 -0.644 0.828 0.828 1 -0.648 0.828 0.828 1 -0.652 0.828 0.828 1 -0.652 0.832 0.832 1 -0.66 0.832 0.832 1 -0.668 0.832 0.832 1 -0.676 0.832 0.832 1 -0.684 0.832 0.832 1 -0.688 0.824 0.824 1 -0.692 0.824 0.824 1 -0.696 0.82 0.82 1 -0.704 0.816 0.816 1 -0.704 0.812 0.812 1 -0.712 0.808 0.808 1 -0.712 0.804 0.804 1 -0.716 0.804 0.804 1 -0.716 0.8 0.8 1 -0.716 0.796 0.796 1 -0.72 0.792 0.792 1 -0.72 0.788 0.788 1 -0.72 0.784 0.784 1 -0.72 0.776 0.776 1 -0.716 0.772 0.772 1 -0.716 0.768 0.768 1 -0.712 0.764 0.764 1 -0.712 0.76 0.76 1 -0.708 0.76 0.76 1 -0.708 0.756 0.756 1 -0.704 0.752 0.752 1 -0.7 0.744 0.744 1 -0.696 0.744 0.744 1 -0.692 0.74 0.74 1 -0.688 0.732 0.732 1 -0.68 0.732 0.732 1 -0.68 0.724 0.724 1 -0.676 0.724 0.724 1 -0.672 0.72 0.72 1 -0.668 0.72 0.72 1 -0.664 0.72 0.72 1 -0.664 0.716 0.716 1 -0.664 0.712 0.712 1 -0.66 0.712 0.712 1 -0.656 0.712 0.712 1 -0.652 0.712 0.712 1 -0.648 0.708 0.708 1 -0.644 0.704 0.704 1 -0.64 0.704 0.704 1 -0.636 0.704 0.704 1 -0.632 0.704 0.704 1 -0.628 0.704 0.704 1 -0.624 0.704 0.704 1 -0.62 0.704 0.704 1 -0.62 0.708 0.708 1 
L
-0.478 0.772
0 0
0
1 1
0.5 0 1 1
3
1
100
-0.564 0.704 0.704 1 -0.564 0.708 0.708 1 -0.564 0.712 0.712 1 -0.564 0.72 0.72 1 -0.568 0.728 0.728 1 -0.568 0.736 0.736 1 -0.568 0.744 0.744 1 -0.572 0.752 0.752 1 -0.572 0.76 0.76 1 -0.572 0.764 0.764 1 -0.576 0.772 0.772 1 -0.576 0.78 0.78 1 -0.576 0.788 0.788 1 -0.576 0.792 0.792 1 -0.576 0.796 0.796 1 -0.576 0.804 0.804 1 -0.576 0.808 0.808 1 -0.572 0.812 0.812 1 -0.568 0.812 0.812 1 -0.568 0.816 0.816 1 -0.564 0.816 0.816 1 -0.56 0.816 0.816 1 -0.556 0.816 0.816 1 -0.552 0.816 0.816 1 -0.544 0.816 0.816 1 -0.536 0.816 0.816 1 -0.528 0.812 0.812 1 -0.524 0.812 0.812 1 -0.52 0.808 0.808 1 -0.512 0.804 0.804 1 -0.508 0.8 0.8 1 -0.5 0.796 0.796 1 -0.496 0.792 0.792 1 -0.492 0.788 0.788 1 -0.488 0.784 0.784 1 -0.488 0.78 0.78 1 -0.484 0.776 0.776 1 -0.48 0.776 0.776 1 -0.48 0.772 0.772 1 -0.48 0.768 0.768 1 -0.48 0.764 0.764 1 -0.48 0.76 0.76 1 -0.48 0.756 0.756 1 -0.48 0.748 0.748 1 -0.476 0.744 0.744 1 -0.476 0.74 0.74 1 -0.472 0.736 0.736 1 -0.472 0.732 0.732 1 -0.472 0.728 0.728 1 -0.472 0.736 0.736 1 -0.476 0.74 0.74 1 -0.476 0.748 0.748 1 -0.476 0.752 0.752 1 -0.476 0.756 0.756 1 -0.476 0.764 0.764 1 -0.476 0.772 0.772 1 -0.476 0.776 0.776 1 -0.476 0.784 0.784 1 -0.476 0.796 0.796 1 -0.476 0.8 0.8 1 -0.476 0.808 0.808 1 -0.476 0.812 0.812 1 -0.472 0.816 0.816 1 -0.468 0.82 0.82 1 -0.468 0.828 0.828 1 -0.464 0.832 0.832 1 -0.464 0.836 0.836 1 -0.46 0.836 0.836 1 -0.456 0.84 0.84 1 -0.448 0.84 0.84 1 -0.44 0.84 0.84 1 -0.436 0.84 0.84 1 -0.432 0.84 0.84 1 -0.428 0.84 0.84 1 -0.424 0.84 0.84 1 -0.416 0.836 0.836 1 -0.412 0.832 0.832 1 -0.408 0.828 0.828 1 -0.404 0.824 0.824 1 -0.396 0.82 0.82 1 -0.396 0.816 0.816 1 -0.396 0.812 0.812 1 -0.392 0.808 0.808 1 -0.388 0.8 0.8 1 -0.388 0.792 0.792 1 -0.384 0.792 0.792 1 -0.384 0.784 0.784 1 -0.384 0.776 0.776 1 -0.38 0.772 0.772 1 -0.38 0.768 0.768 1 -0.38 0.764 0.764 1 -0.38 0.76 0.76 1 -0.38 0.756 0.756 1 -0.38 0.744 0.744 1 -0.38 0.736 0.736 1 -0.38 0.732 0.732 1 -0.38 0.728 0.728 1 -0.38 0.724 0.724 1 -0.388 0.724 0.724 1 -0.388 0.728 0.728 1 
L
-0.218 0.748
0 0
0
1 1
0 1 1 1
1
1
121
-0.208 0.816 0.816 1 -0.216 0.816 0.816 1 -0.224 0.816 0.816 1 -0.228 0.812 0.812 1 -0.232 0.812 0.812 1 -0.236 0.812 0.812 1 -0.24 0.812 0.812 1 -0.244 0.812 0.812 1 -0.248 0.808 0.808 1 -0.252 0.808 0.808 1 -0.256 0.804 0.804 1 -0.26 0.804 0.804 1 -0.264 0.804 0.804 1 -0.268 0.8 0.8 1 -0.272 0.796 0.796 1 -0.272 0.792 0.792 1 -0.28 0.792 0.792 1 -0.28 0.788 0.788 1 -0.28 0.784 0.784 1 -0.284 0.78 0.78 1 -0.284 0.776 0.776 1 -0.288 0.776 0.776 1 -0.288 0.772 0.772 1 -0.288 0.768 0.768 1 -0.288 0.764 0.764 1 -0.288 0.76 0.76 1 -0.288 0.756 0.756 1 -0.292 0.752 0.752 1 -0.292 0.744 0.744 1 -0.292 0.74 0.74 1 -0.292 0.736 0.736 1 -0.296 0.732 0.732 1 -0.296 0.728 0.728 1 -0.296 0.724 0.724 1 -0.296 0.72 0.72 1 -0.296 0.716 0.716 1 -0.296 0.712 0.712 1 -0.292 0.712 0.712 1 -0.292 0.708 0.708 1 -0.288 0.708 0.708 1 -0.284 0.704 0.704 1 -0.284 0.7 0.7 1 -0.28 0.7 0.7 1 -0.28 0.696 0.696 1 -0.276 0.696 0.696 1 -0.276 0.692 0.692 1 -0.272 0.692 0.692 1 -0.268 0.692 0.692 1 -0.268 0.688 0.688 1 -0.264 0.688 0.688 1 -0.264 0.684 0.684 1 -0.26 0.684 0.684 1 -0.256 0.684 0.684 1 -0.252 0.68 0.68 1 -0.248 0.68 0.68 1 -0.244 0.68 0.68 1 -0.24 0.676 0.676 1 -0.236 0.676 0.676 1 -0.228 0.676 0.676 1 -0.224 0.676 0.676 1 -0.22 0.676 0.676 1 -0.216 0.676 0.676 1 -0.212 0.676 0.676 1 -0.208 0.676 0.676 1 -0.2 0.676 0.676 1 -0.196 0.676 0.676 1 -0.192 0.676 0.676 1 -0.188 0.676 0.676 1 -0.184 0.676 0.676 1 -0.18 0.676 0.676 1 -0.18 0.68 0.68 1 -0.176 0.68 0.68 1 -0.172 0.684 0.684 1 -0.168 0.684 0.684 1 -0.164 0.684 0.684 1 -0.164 0.688 0.688 1 -0.16 0.688 0.688 1 -0.16 0.692 0.692 1 -0.156 0.696 0.696 1 -0.152 0.7 0.7 1 -0.148 0.7 0.7 1 -0.148 0.704 0.704 1 -0.148 0.708 0.708 1 -0.148 0.712 0.712 1 -0.148 0.716 0.716 1 -0.144 0.716 0.716 1 -0.144 0.72 0.72 1 -0.144 0.724 0.724 1 -0.144 0.728 0.728 1 -0.14 0.732 0.732 1 -0.14 0.736 0.736 1 -0.14 0.74 0.74 1 -0.14 0.744 0.744 1 -0.14 0.748 0.748 1 -0.14 0.752 0.752 1 -0.144 0.756 0.756 1 -0.148 0.764 0.764 1 -0.152 0.768 0.768 1 -0.156 0.768 0.768 1 -0.156 0.772 0.772 1 -0.156 0.776 0.776 1 -0.16 0.776 0.776 1 -0.164 0.78 0.78 1 -0.168 0.784 0.784 1 -0.172 0.788 0.788 1 -0.172 0.792 0.792 1 -0.18 0.792 0.792 1 -0.18 0.796 0.796 1 -0.184 0.8 0.8 1 -0.188 0.8 0.8 1 -0.192 0.8 0.8 1 -0.196 0.804 0.804 1 -0.204 0.808 0.808 1 -0.208 0.808 0.808 1 -0.208 0.812 0.812 1 -0.212 0.816 0.816 1 -0.216 0.816 0.816 1 -0.22 0.816 0.816 1 -0.224 0.816 0.816 1 -0.228 0.82 0.82 1 -0.232 0.82 0.82 1 
R
-0.754 0.352
-0.00799996 0.028
0
0.873016 0.842105
1 0 0 1
3
1
-0.912 0.536
-0.596 0.168
R
-0.36 0.396
0 0
33.4457
1 1
0 1 0 1
3
0
-0.48 0.512
-0.24 0.28
C
0.16 0.42
0 0
0
0.116 0.116
0 0 1 1
3
0
1C
0.16 0.42
0.0679999 -0.056
138.113
0.164887 0.253543
1 0 1 1
2
0
1C
0.16 0.42
0.136 -0.104
0
0.116 0.116
0 0 1 1
3
0
1C
0.16 0.42
0.072 -0.048
0
0.116 0.116
0 0 1 1
3
0
1P
-0.75 -0.258
0.768 -0.00400004
312.662
1.31111 -1.21978
0 0 1 1
3
0
5
-0.772 -0.072 0 1 -0.9 -0.216 0 1 -0.844 -0.444 0 1 -0.676 -0.372 0 1 -0.6 -0.168 0 1 
P
-0.75 -0.258
0 0
0
1 1
1 0 1 1
2
0
5
-0.772 -0.072 0 1 -0.9 -0.216 0 1 -0.844 -0.444 0 1 -0.676 -0.372 0 1 -0.6 -0.168 0 1 
P
-0.75 -0.258
0.364 -0.012
0
1 1
1 1 0 1
2
1
5
-0.772 -0.072 0 1 -0.9 -0.216 0 1 -0.844 -0.444 0 1 -0.676 -0.372 0 1 -0.6 -0.168 0 1 
P
-0.74 -0.714
0.928 -0.012
0
-0.935483 -1.10667
1 1 1 1
1
0
5
-0.892 -0.88 0 1 -0.74 -0.548 0 1 -0.616 -0.868 0 1 -0.94 -0.624 0 1 -0.54 -0.668 0 1 
P
-0.74 -0.714
0.408 0.012
0
1 1
0.6 0.3 0 1
3
1
5
-0.892 -0.88 0 1 -0.74 -0.548 0 1 -0.616 -0.868 0 1 -0.94 -0.624 0 1 -0.54 -0.668 0 1 
P
-0.74 -0.714
0 0
0
1 1
0.5 0 0.5 1
3
0
5
-0.892 -0.88 0 1 -0.74 -0.548 0 1 -0.616 -0.868 0 1 -0.94 -0.624 0 1 -0.54 -0.668 0 1 
L
0.704 -0.566
0.064 0.592
31.1796
-0.923077 -0.931973
1 0 0 1
3
1
5
0.6 -0.864 -0.864 1 0.736 -0.396 -0.396 1 0.872 -0.828 -0.828 1 0.536 -0.524 -0.524 1 0.652 -0.268 -0.268 1 
L
0.704 -0.566
-0.116 0.104
0
1 1
1 0.5 0 1
1
1
5
0.6 -0.864 -0.864 1 0.736 -0.396 -0.396 1 0.872 -0.828 -0.828 1 0.536 -0.524 -0.524 1 0.652 -0.268 -0.268 1 
L
0.586 0.752
0 0
0
1 1
0 1 0 1
3
1
25
0.588 0.804 0.804 1 0.588 0.8 0.8 1 0.588 0.796 0.796 1 0.588 0.792 0.792 1 0.588 0.788 0.788 1 0.588 0.784 0.784 1 0.588 0.78 0.78 1 0.588 0.772 0.772 1 0.588 0.768 0.768 1 0.584 0.764 0.764 1 0.584 0.76 0.76 1 0.584 0.756 0.756 1 0.584 0.752 0.752 1 0.584 0.748 0.748 1 0.584 0.744 0.744 1 0.584 0.74 0.74 1 0.584 0.736 0.736 1 0.584 0.732 0.732 1 0.584 0.728 0.728 1 0.584 0.724 0.724 1 0.584 0.72 0.72 1 0.584 0.716 0.716 1 0.584 0.712 0.712 1 0.584 0.708 0.708 1 0.584 0.7 0.7 1 
L
0.742 0.736
0 0
0
1 1
0 1 0 1
3
1
28
0.748 0.796 0.796 1 0.748 0.792 0.792 1 0.748 0.788 0.788 1 0.748 0.784 0.784 1 0.748 0.78 0.78 1 0.748 0.776 0.776 1 0.748 0.772 0.772 1 0.744 0.764 0.764 1 0.744 0.76 0.76 1 0.744 0.756 0.756 1 0.744 0.748 0.748 1 0.74 0.74 0.74 1 0.74 0.736 0.736 1 0.736 0.736 0.736 1 0.736 0.732 0.732 1 0.736 0.728 0.728 1 0.736 0.72 0.72 1 0.736 0.716 0.716 1 0.736 0.712 0.712 1 0.736 0.708 0.708 1 0.736 0.704 0.704 1 0.736 0.7 0.7 1 0.736 0.696 0.696 1 0.736 0.692 0.692 1 0.736 0.688 0.688 1 0.736 0.684 0.684 1 0.736 0.68 0.68 1 0.736 0.676 0.676 1 
L
0.672 0.51
-0.012 0.084
0
1 1
0 1 0 1
3
1
90
0.508 0.6 0.6 1 0.508 0.596 0.596 1 0.508 0.592 0.592 1 0.512 0.588 0.588 1 0.512 0.584 0.584 1 0.512 0.58 0.58 1 0.512 0.576 0.576 1 0.512 0.572 0.572 1 0.516 0.568 0.568 1 0.516 0.564 0.564 1 0.52 0.56 0.56 1 0.524 0.552 0.552 1 0.524 0.548 0.548 1 0.528 0.54 0.54 1 0.532 0.532 0.532 1 0.536 0.524 0.524 1 0.54 0.516 0.516 1 0.54 0.512 0.512 1 0.548 0.508 0.508 1 0.548 0.5 0.5 1 0.552 0.496 0.496 1 0.556 0.488 0.488 1 0.556 0.484 0.484 1 0.56 0.48 0.48 1 0.564 0.476 0.476 1 0.568 0.476 0.476 1 0.572 0.472 0.472 1 0.576 0.472 0.472 1 0.58 0.468 0.468 1 0.584 0.468 0.468 1 0.588 0.464 0.464 1 0.592 0.46 0.46 1 0.6 0.46 0.46 1 0.604 0.456 0.456 1 0.608 0.452 0.452 1 0.616 0.452 0.452 1 0.62 0.448 0.448 1 0.628 0.444 0.444 1 0.632 0.444 0.444 1 0.636 0.44 0.44 1 0.64 0.44 0.44 1 0.648 0.436 0.436 1 0.652 0.436 0.436 1 0.656 0.436 0.436 1 0.66 0.432 0.432 1 0.668 0.428 0.428 1 0.672 0.428 0.428 1 0.676 0.424 0.424 1 0.68 0.424 0.424 1 0.688 0.424 0.424 1 0.696 0.42 0.42 1 0.7 0.42 0.42 1 0.704 0.42 0.42 1 0.708 0.42 0.42 1 0.716 0.42 0.42 1 0.72 0.42 0.42 1 0.728 0.424 0.424 1 0.736 0.428 0.428 1 0.744 0.428 0.428 1 0.748 0.432 0.432 1 0.756 0.432 0.432 1 0.764 0.44 0.44 1 0.768 0.44 0.44 1 0.772 0.444 0.444 1 0.776 0.448 0.448 1 0.784 0.452 0.452 1 0.784 0.456 0.456 1 0.788 0.46 0.46 1 0.796 0.468 0.468 1 0.796 0.472 0.472 1 0.8 0.476 0.476 1 0.804 0.48 0.48 1 0.812 0.484 0.484 1 0.812 0.496 0.496 1 0.812 0.5 0.5 1 0.816 0.504 0.504 1 0.816 0.512 0.512 1 0.82 0.516 0.516 1 0.824 0.52 0.52 1 0.824 0.524 0.524 1 0.824 0.528 0.528 1 0.828 0.532 0.532 1 0.828 0.54 0.54 1 0.832 0.544 0.544 1 0.832 0.548 0.548 1 0.832 0.552 0.552 1 0.836 0.552 0.552 1 0.836 0.556 0.556 1 0.832 0.552 0.552 1 0.828 0.552 0.552 1 
C
0.66 0.664
0.00799996 -0.02
0
0.226647 0.23335
0 1 0 1
3
0
1T
0.228 0.876
0 0
0
1 1
0.5 0 1 1
3
0
1
0.228 0.876 0.876 1 
T
0.208 0.876
0 0
0
1 1
0.5 0 1 1
3
0
1
0.208 0.876 0.876 1 
T
0.176 0.856
0 0
0
1 1
0.5 0 1 1
3
0
1
0.176 0.856 0.856 1 
T
0.172 0.832
0 0
0
1 1
0.5 0 1 1
3
0
1
0.172 0.832 0.832 1 
T
0.188 0.816
0 0
0
1 1
0.6 0.3 0 1
3
0
1
0.188 0.816 0.816 1 
T
0.22 0.812
0 0
0
1 1
1 1 1 1
3
0
1
0.22 0.812 0.812 1 
T
0.244 0.82
0 0
0
1 1
0 0 0 1
3
0
1
0.244 0.82 0.82 1 
T
0.256 0.796
0 0
0
1 1
1 0 0 1
3
0
1
0.256 0.796 0.796 1 
T
0.248 0.784
0 0
0
1 1
0 1 0 1
3
0
1
0.248 0.784 0.784 1 
T
0.208 0.776
0 0
0
1 1
0 0 1 1
3
0
1
0.208 0.776 0.776 1 
T
0.172 0.78
0 0
0
1 1
0 1 1 1
3
0
1
0.172 0.78 0.78 1 
T
0.148 0.804
0 0
0
1 1
1 0 1 1
3
0
1
0.148 0.804 0.804 1 
T
0.208 0.84
0 0
0
1 1
1 1 0 1
3
0
1
0.208 0.84 0.84 1 
T
0.24 0.86
0 0
0
1 1
1 0.5 0 1
3
0
1
0.24 0.86 0.86 1 
T
0.264 0.84
0 0
0
1 1
0.5 0 0.5 1
3
0
1
0.264 0.84 0.84 1 
T
0.272 0.812
0 0
0
1 1
0.5 0 1 1
3
0
1
0.272 0.812 0.812 1 
T
0.28 0.776
0 0
0
1 1
0.6 0.3 0 1
3
0
1
0.28 0.776 0.776 1 
T
0.256 0.732
0 0
0
1 1
1 1 1 1
3
0
1
0.256 0.732 0.732 1 
T
0.208 0.744
0 0
0
1 1
0 0 0 1
3
0
1
0.208 0.744 0.744 1 
T
0.156 0.74
0 0
0
1 1
1 0 0 1
3
0
1
0.156 0.74 0.74 1 
T
0.144 0.74
0 0
0
1 1
0 1 0 1
3
0
1
0.144 0.74 0.74 1 
T
0.12 0.776
0 0
0
1 1
0 0 1 1
3
0
1
0.12 0.776 0.776 1 
T
0.148 0.752
0 0
0
1 1
0 1 1 1
3
0
1
0.148 0.752 0.752 1 
T
0.136 0.804
0 0
0
1 1
1 0 1 1
3
0
1
0.136 0.804 0.804 1 
T
0.144 0.844
0 0
0
1 1
1 1 0 1
3
0
1
0.144 0.844 0.844 1 
T
0.164 0.876
0 0
0
1 1
1 1 0 1
3
0
1
0.164 0.876 0.876 1 
T
0.2 0.896
0 0
0
1 1
1 0.5 0 1
3
0
1
0.2 0.896 0.896 1 
T
0.252 0.9
0 0
0
1 1
0.5 0 0.5 1
3
0
1
0.252 0.9 0.9 1 
T
0.296 0.868
0 0
0
1 1
0.5 0 1 1
3
0
1
0.296 0.868 0.868 1 
T
0.308 0.836
0 0
0
1 1
0.6 0.3 0 1
3
0
1
0.308 0.836 0.836 1 
T
0.316 0.788
0 0
0
1 1
1 1 1 1
3
0
1
0.316 0.788 0.788 1 
T
0.324 0.744
0 0
0
1 1
0 0 0 1
3
0
1
0.324 0.744 0.744 1 
T
0.292 0.716
0 0
0
1 1
1 0 0 1
3
0
1
0.292 0.716 0.716 1 
L
-0.494 0.046
1.272 -0.924
0
0.544008 0.770553
0 0 1 1
3
1
52
-0.472 0.072 0.072 1 -0.48 0.072 0.072 1 -0.492 0.072 0.072 1 -0.5 0.072 0.072 1 -0.504 0.072 0.072 1 -0.512 0.072 0.072 1 -0.52 0.072 0.072 1 -0.532 0.072 0.072 1 -0.536 0.072 0.072 1 -0.544 0.072 0.072 1 -0.552 0.072 0.072 1 -0.56 0.072 0.072 1 -0.564 0.068 0.068 1 -0.568 0.068 0.068 1 -0.572 0.068 0.068 1 -0.576 0.068 0.068 1 -0.564 0.072 0.072 1 -0.56 0.076 0.076 1 -0.556 0.076 0.076 1 -0.544 0.084 0.084 1 -0.536 0.092 0.092 1 -0.524 0.096 0.096 1 -0.516 0.104 0.104 1 -0.504 0.116 0.116 1 -0.488 0.124 0.124 1 -0.472 0.136 0.136 1 -0.456 0.148 0.148 1 -0.444 0.156 0.156 1 -0.436 0.164 0.164 1 -0.428 0.168 0.168 1 -0.424 0.172 0.172 1 -0.42 0.176 0.176 1 -0.416 0.18 0.18 1 -0.412 0.184 0.184 1 -0.412 0.188 0.188 1 -0.416 0.184 0.184 1 -0.424 0.18 0.18 1 -0.432 0.172 0.172 1 -0.44 0.156 0.156 1 -0.448 0.148 0.148 1 -0.456 0.136 0.136 1 -0.46 0.124 0.124 1 -0.476 0.1 0.1 1 -0.496 0.068 0.068 1 -0.512 0.032 0.032 1 -0.524 0.004 0.004 1 -0.536 -0.024 -0.024 1 -0.544 -0.048 -0.048 1 -0.552 -0.072 -0.072 1 -0.556 -0.088 -0.088 1 -0.556 -0.092 -0.092 1 -0.556 -0.096 -0.096 1 
L
-0.408 0.044
0 0
0
1 1
0 0 1 1
3
1
1
-0.408 0.044 0.044 1 
L
-0.36 0.004
0 0
0
1 1
0 0 1 1
3
1
1
-0.36 0.004 0.004 1 
L
-0.368 0.02
0 0
0
1 1
0 0 1 1
3
1
1
-0.368 0.02 0.02 1 
L
-0.4 0.044
0 0
0
1 1
0 0 1 1
3
1
1
-0.4 0.044 0.044 1 
L
-0.384 0.064
0 0
0
1 1
0 0 1 1
3
1
1
-0.384 0.064 0.064 1 
L
-0.376 0.084
0 0
0
1 1
0 0 1 1
3
1
1
-0.376 0.084 0.084 1 
L
-0.364 0.064
0 0
0
1 1
0 0 1 1
3
1
1
-0.364 0.064 0.064 1 
L
-0.308 0.078
1.196 -0.9
0
0.5 0.548387
0 0 1 1
3
1
144
-0.44 -0.004 -0.004 1 -0.436 -0.004 -0.004 1 -0.432 -0.004 -0.004 1 -0.428 -0.004 -0.004 1 -0.424 -0 -0 1 -0.424 0.004 0.004 1 -0.42 0.004 0.004 1 -0.416 0.008 0.008 1 -0.416 0.012 0.012 1 -0.412 0.012 0.012 1 -0.404 0.012 0.012 1 -0.4 0.016 0.016 1 -0.396 0.02 0.02 1 -0.396 0.024 0.024 1 -0.392 0.028 0.028 1 -0.388 0.032 0.032 1 -0.384 0.036 0.036 1 -0.38 0.04 0.04 1 -0.376 0.044 0.044 1 -0.376 0.052 0.052 1 -0.376 0.056 0.056 1 -0.376 0.06 0.06 1 -0.372 0.064 0.064 1 -0.372 0.072 0.072 1 -0.372 0.076 0.076 1 -0.368 0.08 0.08 1 -0.368 0.084 0.084 1 -0.368 0.092 0.092 1 -0.364 0.096 0.096 1 -0.36 0.1 0.1 1 -0.36 0.104 0.104 1 -0.36 0.108 0.108 1 -0.356 0.116 0.116 1 -0.356 0.12 0.12 1 -0.352 0.124 0.124 1 -0.352 0.132 0.132 1 -0.352 0.136 0.136 1 -0.352 0.14 0.14 1 -0.352 0.144 0.144 1 -0.352 0.148 0.148 1 -0.352 0.152 0.152 1 -0.36 0.152 0.152 1 -0.368 0.152 0.152 1 -0.376 0.152 0.152 1 -0.376 0.148 0.148 1 -0.384 0.148 0.148 1 -0.384 0.144 0.144 1 -0.384 0.136 0.136 1 -0.384 0.132 0.132 1 -0.384 0.128 0.128 1 -0.38 0.124 0.124 1 -0.376 0.124 0.124 1 -0.372 0.116 0.116 1 -0.368 0.116 0.116 1 -0.364 0.116 0.116 1 -0.356 0.112 0.112 1 -0.348 0.108 0.108 1 -0.34 0.108 0.108 1 -0.332 0.108 0.108 1 -0.328 0.108 0.108 1 -0.324 0.108 0.108 1 -0.316 0.108 0.108 1 -0.312 0.108 0.108 1 -0.308 0.108 0.108 1 -0.304 0.108 0.108 1 -0.296 0.116 0.116 1 -0.292 0.12 0.12 1 -0.284 0.128 0.128 1 -0.28 0.132 0.132 1 -0.276 0.136 0.136 1 -0.276 0.14 0.14 1 -0.276 0.148 0.148 1 -0.276 0.152 0.152 1 -0.276 0.156 0.156 1 -0.276 0.16 0.16 1 -0.288 0.16 0.16 1 -0.296 0.16 0.16 1 -0.304 0.156 0.156 1 -0.308 0.152 0.152 1 -0.312 0.148 0.148 1 -0.316 0.144 0.144 1 -0.316 0.136 0.136 1 -0.316 0.128 0.128 1 -0.316 0.12 0.12 1 -0.316 0.112 0.112 1 -0.312 0.104 0.104 1 -0.308 0.096 0.096 1 -0.304 0.088 0.088 1 -0.296 0.08 0.08 1 -0.292 0.072 0.072 1 -0.284 0.064 0.064 1 -0.276 0.056 0.056 1 -0.272 0.052 0.052 1 -0.268 0.048 0.048 1 -0.264 0.044 0.044 1 -0.256 0.04 0.04 1 -0.252 0.032 0.032 1 -0.244 0.028 0.028 1 -0.244 0.024 0.024 1 -0.24 0.024 0.024 1 -0.24 0.02 0.02 1 -0.24 0.016 0.016 1 -0.248 0.012 0.012 1 -0.26 0.012 0.012 1 -0.272 0.012 0.012 1 -0.284 0.012 0.012 1 -0.296 0.012 0.012 1 -0.308 0.012 0.012 1 -0.32 0.012 0.012 1 -0.332 0.012 0.012 1 -0.344 0.012 0.012 1 -0.356 0.016 0.016 1 -0.364 0.016 0.016 1 -0.376 0.016 0.016 1 -0.384 0.024 0.024 1 -0.392 0.024 0.024 1 -0.4 0.032 0.032 1 -0.404 0.036 0.036 1 -0.408 0.04 0.04 1 -0.412 0.04 0.04 1 -0.416 0.044 0.044 1 -0.42 0.048 0.048 1 -0.42 0.056 0.056 1 -0.42 0.06 0.06 1 -0.42 0.064 0.064 1 -0.416 0.068 0.068 1 -0.404 0.068 0.068 1 -0.396 0.068 0.068 1 -0.38 0.068 0.068 1 -0.364 0.064 0.064 1 -0.34 0.064 0.064 1 -0.32 0.056 0.056 1 -0.3 0.056 0.056 1 -0.28 0.056 0.056 1 -0.264 0.056 0.056 1 -0.244 0.056 0.056 1 -0.232 0.056 0.056 1 -0.22 0.06 0.06 1 -0.212 0.064 0.064 1 -0.2 0.064 0.064 1 -0.192 0.068 0.068 1 -0.184 0.068 0.068 1 -0.18 0.072 0.072 1 -0.176 0.072 0.072 1 
